413150
367520
286160
246620
257850
105600
211820
311690
233450
250760
427520
239820
48000
371200
312530
505730
398850
294100
364420
264710
251270
221910
219150
271240
356570
431120
275850
247080
252950
504210
470260
210970
387990
383870
290340
95300
231160
281640
568220
421120
475190
4000
65300
261180
205730
230190
322110
237990
318230
274500
329130
9500
204360
387290
242760
107100
457140
231200
554600
265000
239030
425580
538100
304430
474750
469820
241600
296470
365450
322500
405640
253250
394970
220780
435530
396750
595140
250700
305620
234650
361300
282070
222880
219990
437220
26800
367450
258030
251570
326460
22000
433340
206190
248820
308420
391540
224760
212680
221540
317470
500140
377220
251990
635320
287140
448750
271570
513880
491790
597860
370920
543180
340070
330100
293800
261570
533620
403940
447940
415780
463210
425870
96100
329000
511340
412970
575130
311010
521580
391260
371430
331200
341290
519940
415990
295670
406850
581600
576090
391180
355100
343860
497000
431250
501110
498600
468050
449140
410340
652620
480450
616110
291770
447240
207000
220900
439940
102810
501090
218130
205060
499140
458330
494310
581700
498840
382350
280180
362310
246720
311170
303550
527210
527740
384280
552630
384930
405000
389460
429470
325300
470280
515060
343360
535350
322900
346780
371380
501800
454330
210170
576640
351730
31280
352520
400410
392110
454070
588970
597150
490880
105000
460060
592320
286040
295850
437160
389200
251950
362380
628840
468160
242920
328080
274190
523440
434120
493410
610610
409610
486650
305760
522280
636150
375760
531490
568340
565660
251430
461890
597210
392720
352780
557630
432230
643980
589220
502540
453860
513510
351340
476490
343090
491720
343750
512170
517550
363520
41060
569370
344840
656960
495060
588750
459310
345710
314410
301750
376520
428900
591420
347660
317720
315830
432280
601180
269330
326420
216110
502250
357120
514970
513580
368080
319470
443630
546490
450860
473740
600210
600450
476510
279160
226120
18820
439190
568570
302080
648530
470210
315650
534000
308600
116120
359440
283180
411750
598700
391130
563750
585560
443680
327220
564210
497640
380220
432490
214970
380670
251590
605510
248330
560080
331290
455290
335450
399820
589680
274900
571870
352580
385080
517930
399520
565030
628710
368150
416680
659910
490690
213030
204240
285840
448250
574520
600640
554700
538700
380580
259470
402150
322540
513420
331120
371330
495680
365310
588800
561450
582450
566180
326120
493710
92600
368590
341800
438350
252450
527820
18700
334270
562680
271670
302380
35800
356520
531980
335000
312210
562490
398710
595660
373330
364710
296870
227860
272890
654870
252630
428200
268810
508170
615610
508230
420070
634700
553570
603090
241320
591000
453780
585860
432130
304350
601320
495720
460850
263540
433660
505040
375750
448880
598070
617270
340290
491440
348800
461570
340920
452120
511570
277520
445020
522210
375520
565110
375030
397680
654910
434360
493650
410820
404410
296550
603890
603320
361040
521000
567270
325930
553430
633950
628340
280910
287600
406220
495890
579720
496080
502700
556890
360380
299660
405240
606860
575550
454940
578350
290730
560010
329830
495540
289760
446240
572010
511750
397160
234370
415850
382180
589490
497490
430280
630260
298830
438260
588110
17570
361830
489440
519870
531930
406920
110630
206440
541300
542400
259720
370360
391070
286930
485620
294440
604010
412760
448080
329610
366380
477730
474820
547670
377500
530370
383580
406080
310070
605490
386390
475430
598330
467660
340310
497680
245150
214790
664350
493000
512900
244810
244430
368710
61730
499610
466860
614550
449770
431850
46450
378070
613010
358750
494990
602940
405610
492710
377460
348740
215450
466730
340030
617430
396480
601930
657240
450740
460220
27920
460730
250560
530080
350770
357720
603740
486630
205020
453290
307590
250900
468800
558870
434960
465180
306760
523160
371270
449550
559170
371900
644530
282620
494810
592040
314340
382260
201420
401190
407780
520250
383790
396860
624690
301540
363430
281220
522610
387620
514580
326190
453950
391720
458540
497350
553910
355380
632510
414060
340460
652540
506960
557400
358080
248350
297450
512220
459410
349100
270210
215670
533280
501930
608540
41400
386560
354030
248370
356040
386930
436490
350610
397400
589180
444990
467340
448810
220200
499890
544790
533470
618610
295790
286340
252970
622480
250380
568440
576770
557570
470140
449340
453830
391580
535630
50000
402970
344820
448690
371520
366060
227000
372330
384630
458170
577910
454780
611770
434370
477170
492840
264120
380570
407330
454280
588890
432870
609490
395170
254440
397340
302010
656680
392580
471810
227560
407710
587830
526460
351690
539980
413480
340730
612140
255370
249990
596810
454160
291430
467120
508950
346450
510930
221810
543530
386840
510240
548340
655130
292600
402840
304810
643890
325180
365070
80360
362810
636520
550180
523570
269150
335920
321870
441250
357340
604830
314590
252350
355630
283880
387460
566550
402590
561010
310850
247000
512060
484890
327890
425600
604450
212110
322550
538790
422250
268750
340880
95400
388800
654980
551580
223830
586130
357900
410000
408060
603420
546440
565640
471920
342730
356890
596690
341060
270330
320690
580150
555290
543260
568240
533890
655260
285010
349550
339190
450840
250640
293460
494100
514390
336160
447500
232430
627820
493820
437710
251830
375200
466290
333760
412660
637920
41680
464830
600130
435840
223710
533300
566730
485950
554530
310700
356050
350800
372430
556240
651010
400710
437570
357830
17580
252150
461710
291610
327310
528580
385690
404150
431650
319480
404620
207670
457570
583060
571050
529360
568180
597970
553180
60600
324810
229520
464880
524850
658950
394550
288290
530960
239840
394220
334690
558410
472770
543580
525610
71000
232810
522020
338190
370490
238460
572160
528510
603020
425900
486130
393790
562090
589850
544400
625120
372350
522490
568480
451880
256010
570980
533910
521630
299420
433830
521280
339570
594660
575750
318530
252250
339440
355810
355690
547210
594750
27400
214610
492340
333830
492270
110400
338310
431740
377200
339120
577660
580680
625010
658800
533640
611320
393240
569760
504880
649300
347330
372210
490950
434000
556090
240760
496950
369560
343800
450630
612570
243120
248570
542280
433750
359410
345860
413710
581370
511320
445130
296010
593490
340810
611980
253150
416090
370170
581200
511070
446380
527580
253750
383840
434250
417150
417060
261900
462440
47540
611220
448500
419810
467780
616660
409370
218090
384680
580970
454520
639220
428430
330580
314280
504700
316740
552610
301920
557180
448830
260430
559910
485110
434800
489140
357670
485440
355970
563320
454870
560340
620340
379530
415670
397870
447310
389190
502300
624830
279520
263040
641980
444830
239200
510740
392260
394870
300380
515040
319560
602080
415920
259060
262690
382070
520910
492080
373290
295870
97000
15400
552540
563600
389220
420910
602200
413830
575800
346810
107800
586350
397940
283230
424170
393610
231040
579110
444460
536470
293440
552350
557680
622080
576130
288000
344890
532110
395470
493040
568610
577230
622810
570910
523080
16300
593680
321940
394700
576010
401290
389570
332390
368900
231310
530520
592340
624260
307670
498620
373480
335690
494360
362410
536630
617660
435120
333220
302270
592720
377190
351450
209670
212800
602880
438680
568490
493760
305740
376240
383020
224500
586530
555720
610460
367000
658210
336230
537110
307170
463150
342130
400170
438420
500750
370280
346730
496740
404750
503300
346970
467900
426930
466520
347630
358000
601810
373730
422640
418070
558110
241240
594300
426690
317320
265590
411600
387870
391240
551840
278590
428920
329020
513630
373990
539700
357320
570470
496500
317250
102200
403850
363920
391440
565340
514930
528420
546790
462200
294230
310370
477270
303530
437100
604200
368990
22120
274290
605530
442500
201000
509980
524680
274920
275670
339090
336090
503160
455830
331220
420360
490860
248860
582580
285350
433480
364060
411970
489220
391960
330570
414330
375290
517910
343770
464620
551110
605910
530290
530550
628860
315330
518060
590820
561080
397750
616490
447960
404080
504850
563910
404810
603490
285820
581810
322580
42170
387700
536530
586090
473730
575090
58230
321160
281750
402560
412290
565540
257990
455190
375420
415740
293720
585090
364480
377100
415030
645790
352890
218660
445600
411080
431460
429780
614890
439920
252430
598480
530740
589420
385710
587480
655450
263640
301320
553420
558740
525370
665230
255520
398920
620130
490170
416210
348540
484930
421230
570150
564490
40420
608870
